日期  质量等级  AQI指数  当天AQI排名  PM2.5  PM10  So2  No2  Co  O3
2017-08-01  优 36  66 7 27 9 18 0.77 68
2017-08-02  优 33  43 11 27 9 29 0.75 57
2017-08-03  优 40  107 14 35 13 34 0.99 51
2017-08-04  优 48  129 22 47 18 37 1.36 62
2017-08-05  良 56  186 24 54 14 49 1.18 66
2017-08-06  良 72  258 35 69 12 43 1.12 92
2017-08-07  良 73  281 35 75 14 49 1.22 85
2017-08-08  优 30  31 8 16 9 27 0.82 54
2017-08-09  优 35  79 12 26 9 24 0.83 69
2017-08-10  良 52  174 18 41 12 28 1.07 82
2017-08-11  良 58  201 23 53 12 39 1.04 81
2017-08-12  优 41  125 12 24 8 30 0.91 65
2017-08-13  优 27  29 7 20 9 20 0.90 51
2017-08-14  优 48  200 21 41 9 20 0.96 86
2017-08-15  良 57  224 27 53 8 25 0.97 78
2017-08-16  优 39  113 14 36 11 45 1.12 57
2017-08-17  优 50  187 16 42 13 42 1.12 70
2017-08-18  优 45  148 13 39 18 34 1.12 69
2017-08-19  优 47  164 14 40 13 34 1.01 57
2017-08-20  优 31  28 8 20 10 26 0.94 62
2017-08-21  良 71  278 23 46 13 37 1.04 100
2017-08-22  优 49  151 20 45 13 24 0.79 65
2017-08-23  良 56  250 10 37 15 22 0.62 112
2017-08-24  优 43  165 10 36 15 32 0.76 55
2017-08-25  优 47  184 21 47 11 38 0.91 63
2017-08-26  优 41  132 10 35 14 38 0.69 65
2017-08-27  良 58  266 15 42 9 29 0.81 98
2017-08-28  良 58  301 19 46 9 30 0.84 87
2017-08-29  优 37  138 8 27 8 24 0.77 66
2017-08-30  优 39  175 9 38 8 36 0.61 38
2017-08-31  优 27  42 9 24 6 38 0.62 41
