日期  质量等级  AQI指数  当天AQI排名  PM2.5  PM10  So2  No2  Co  O3
2017-10-01  优 47  146 31 49 8 35 1.01 30
2017-10-02  优 23  9 7 16 5 24 0.70 49
2017-10-03  优 36  139 7 32 5 21 0.52 60
2017-10-05  优 30  74 8 15 6 37 0.52 49
2017-10-06  优 37  85 22 35 7 32 0.61 48
2017-10-07  良 64  226 38 59 12 41 0.94 80
2017-10-08  良 88  306 48 71 11 35 0.91 114
2017-10-09  良 55  244 25 48 8 31 0.72 84
2017-10-10  良 74  318 51 78 9 37 0.98 42
2017-10-11  优 24  24 11 17 5 25 0.63 36
2017-10-12  优 30  84 8 14 5 27 0.47 52
2017-10-13  优 41  146 19 40 9 36 0.58 48
2017-10-14  优 42  159 18 38 9 39 0.54 58
2017-10-15  优 37  148 10 27 7 26 0.53 76
2017-10-16  优 36  145 10 27 7 30 0.55 67
2017-10-17  优 36  128 16 34 7 30 0.63 61
2017-10-18  优 33  72 13 31 8 30 0.59 54
2017-10-19  良 55  178 34 57 10 43 0.81 40
2017-10-20  良 56  168 30 54 10 54 0.71 58
2017-10-21  良 83  259 60 91 11 60 1.00 78
2017-10-22  轻度污染 130  339 97 132 13 55 1.25 92
2017-10-23  良 58  141 25 63 10 41 0.62 57
2017-10-24  良 59  117 29 66 11 57 0.70 52
2017-10-25  良 59  96 31 66 11 57 0.76 58
2017-10-26  良 75  159 51 90 12 70 0.80 49
2017-10-27  良 95  223 70 115 15 76 0.98 57
2017-10-28  良 64  96 38 66 10 61 0.62 51
2017-10-29  良 90  300 55 108 10 49 0.78 52
2017-10-30  良 60  139 26 68 12 51 0.75 44
2017-10-31  良 69  139 40 86 11 62 0.74 51
