日期  质量等级  AQI指数  当天AQI排名  PM2.5  PM10  So2  No2  Co  O3
2017-01-01  中度污染 178  247 134 214 36 111 2.01 37
2017-01-02  轻度污染 144  193 109 169 23 81 1.68 41
2017-01-03  中度污染 169  214 128 193 30 88 2.15 60
2017-01-04  重度污染 206  264 159 237 33 92 2.27 21
2017-01-05  优 46  50 28 39 12 46 1.06 55
2017-01-06  优 34  30 15 26 10 44 0.92 38
2017-01-07  优 37  55 22 30 10 45 1.29 17
2017-01-08  良 96  233 71 96 13 37 1.44 32
2017-01-09  轻度污染 111  273 83 107 20 42 1.47 55
2017-01-10  轻度污染 116  269 87 122 26 56 1.45 45
2017-01-11  良 97  258 71 112 27 57 1.20 51
2017-01-12  良 93  254 68 114 22 56 1.18 47
2017-01-13  良 87  235 63 107 17 51 1.16 46
2017-01-14  良 63  163 38 71 21 41 0.99 57
2017-01-15  优 42  70 15 41 13 39 0.64 49
2017-01-16  良 58  118 28 63 20 55 0.81 31
2017-01-17  良 65  116 40 75 24 55 1.04 38
2017-01-18  良 78  149 56 79 16 57 0.98 29
2017-01-19  良 98  185 73 98 14 45 1.07 39
2017-01-20  良 71  200 29 93 18 34 0.81 61
2017-01-21  良 61  101 30 71 19 57 0.88 42
2017-01-22  良 76  166 48 98 25 64 1.00 36
2017-01-23  良 64  111 38 75 27 46 1.08 56
2017-01-24  良 53  75 29 55 17 39 0.87 62
2017-01-25  良 84  116 61 91 22 43 1.20 78
2017-01-26  良 93  131 69 100 21 51 1.37 65
2017-01-27  轻度污染 103  196 68 116 16 32 1.19 69
2017-01-28  良 74  69 46 92 13 21 0.87 79
2017-01-29  良 78  163 57 81 11 33 1.17 35
2017-01-30  良 54  148 29 52 10 16 0.80 70
2017-01-31  优 40  53 14 31 13 19 0.67 75
