日期  质量等级  AQI指数  当天AQI排名  PM2.5  PM10  So2  No2  Co  O3
2017-09-01  良 55  202 18 45 9 35 0.74 78
2017-09-02  良 55  179 23 57 12 42 0.85 80
2017-09-03  优 38  87 15 33 7 30 0.83 67
2017-09-04  优 46  176 26 46 7 47 1.14 26
2017-09-05  优 42  135 20 40 8 26 0.95 58
2017-09-06  优 38  96 19 35 8 30 0.83 43
2017-09-07  优 45  134 17 38 7 32 0.78 80
2017-09-08  优 50  159 24 50 8 48 0.99 22
2017-09-09  良 70  256 43 88 13 44 1.25 69
2017-09-10  良 57  249 33 59 8 28 1.01 59
2017-09-11  优 29  28 11 22 7 26 0.94 53
2017-09-12  良 75  280 34 59 10 46 1.04 95
2017-09-13  良 86  310 45 81 13 45 0.98 89
2017-09-14  良 57  149 18 48 11 32 0.72 93
2017-09-15  良 63  186 17 43 10 31 0.73 106
2017-09-16  优 49  96 14 34 12 34 0.67 84
2017-09-17  良 75  238 30 61 15 50 1.02 90
2017-09-18  良 94  268 41 88 15 64 1.18 94
2017-09-19  良 83  243 54 98 14 62 1.11 87
2017-09-20  优 50  175 31 45 7 36 0.88 71
2017-09-21  良 57  193 37 55 10 35 0.97 75
2017-09-22  良 55  145 35 55 7 42 0.81 54
2017-09-23  良 51  139 30 48 7 39 0.80 55
2017-09-24  优 28  26 11 18 5 44 0.84 30
2017-09-25  优 30  59 13 24 7 51 1.23 11
2017-09-26  优 43  116 26 42 8 31 1.03 39
2017-09-27  优 32  57 14 26 6 23 0.75 58
2017-09-28  优 39  106 12 29 8 38 0.63 69
2017-09-29  良 54  197 24 57 9 51 0.77 54
2017-09-30  优 40  100 22 37 6 38 0.69 42
