日期  质量等级  AQI指数  当天AQI排名  PM2.5  PM10  So2  No2  Co  O3
2017-08-01  优 45  137 19 45 5 12 0.54 67
2017-08-02  优 41  140 19 39 6 13 0.53 67
2017-08-03  良 74  318 26 46 7 17 0.64 117
2017-08-04  良 84  325 39 62 7 32 0.76 113
2017-08-05  良 83  306 60 72 7 59 1.11 69
2017-08-06  轻度污染 136  364 84 78 9 49 1.30 121
2017-08-07  轻度污染 132  364 81 99 9 39 1.06 155
2017-08-08  良 59  250 35 48 8 44 0.92 77
2017-08-09  优 33  57 17 25 6 36 0.80 54
2017-08-10  良 84  309 38 52 9 35 0.92 120
2017-08-11  轻度污染 126  362 62 86 9 50 0.99 151
2017-08-12  良 76  322 43 55 8 27 0.71 121
2017-08-13  良 55  240 31 48 7 29 0.67 85
2017-08-14  优 41  133 16 30 7 33 0.71 75
2017-08-15  良 92  349 54 69 8 37 1.05 118
2017-08-16  良 67  271 32 42 8 37 0.81 92
2017-08-17  良 64  271 25 43 9 48 0.76 99
2017-08-18  良 78  340 21 35 7 34 0.65 117
2017-08-19  良 87  358 35 56 8 29 0.66 124
2017-08-20  优 40  94 15 30 6 34 0.66 60
2017-08-21  良 54  184 30 43 8 39 0.74 71
2017-08-22  优 25  13 11 24 6 16 0.51 33
2017-08-23  优 34  70 10 33 6 15 0.54 58
2017-08-24  良 58  286 20 39 7 24 0.64 96
2017-08-25  良 60  285 29 48 8 43 0.83 91
2017-08-26  良 53  252 14 29 7 19 0.65 101
2017-08-27  优 47  187 12 31 8 20 0.60 85
2017-08-28  良 63  320 19 39 8 26 0.60 96
2017-08-29  优 45  234 18 37 9 25 0.61 71
2017-08-30  优 41  197 9 32 7 19 0.52 83
2017-08-31  良 57  269 14 34 7 19 0.61 109
